00000000 00000000
00000001 00000000
00000010 00000000
00000011 00000000
00000100 00000000
00000101 00000000
00000110 00000000
00000111 00000000
00001000 00001000
00001001 00001001
00001010 00001010
00001011 00001011
00001100 00001100
00001101 00001101
00001110 00001110
00001111 00001111
00010000 00000001
00010001 00000010
00010010 00000100
00010011 00001000
00010100 00010000
00010101 00100000
00010110 01000000
00010111 10000000
00011000 00000111
00011001 00001000
00011010 00001001
00011011 00001010
00011100 00001011
00011101 00001100
00011110 00001101
00011111 00001110
00100000 00000010
00100001 00000100
00100010 00001000
00100011 00010000
00100100 00100000
00100101 01000000
00100110 10000000
00100111 00000001
00101000 00000110
00101001 00000111
00101010 00001000
00101011 00001001
00101100 00001010
00101101 00001011
00101110 00001100
00101111 00001101
00110000 00000011
00110001 00000110
00110010 00001100
00110011 00011000
00110100 00110000
00110101 01100000
00110110 11000000
00110111 10000001
00111000 00000101
00111001 00000110
00111010 00000111
00111011 00001000
00111100 00001001
00111101 00001010
00111110 00001011
00111111 00001100
01000000 00000100
01000001 00001000
01000010 00010000
01000011 00100000
01000100 01000000
01000101 10000000
01000110 00000001
01000111 00000010
01001000 00000100
01001001 00000101
01001010 00000110
01001011 00000111
01001100 00001000
01001101 00001001
01001110 00001010
01001111 00001011
01010000 00000101
01010001 00001010
01010010 00010100
01010011 00101000
01010100 01010000
01010101 10100000
01010110 01000001
01010111 10000010
01011000 00000011
01011001 00000100
01011010 00000101
01011011 00000110
01011100 00000111
01011101 00001000
01011110 00001001
01011111 00001010
01100000 00000110
01100001 00001100
01100010 00011000
01100011 00110000
01100100 01100000
01100101 11000000
01100110 10000001
01100111 00000011
01101000 00000010
01101001 00000011
01101010 00000100
01101011 00000101
01101100 00000110
01101101 00000111
01101110 00001000
01101111 00001001
01110000 00000111
01110001 00001110
01110010 00011100
01110011 00111000
01110100 01110000
01110101 11100000
01110110 11000001
01110111 10000011
01111000 00000001
01111001 00000010
01111010 00000011
01111011 00000100
01111100 00000101
01111101 00000110
01111110 00000111
01111111 00001000
10000000 00101000
10000001 00101000
10000010 00101000
10000011 00101000
10000100 00101000
10000101 00101000
10000110 00101000
10000111 00101000
10001000 00000000
10001001 00000001
10001010 00000010
10001011 00000011
10001100 00000100
10001101 00000101
10001110 00000110
10001111 00000111
10010000 00101101
10010001 00101101
10010010 00101101
10010011 00101101
10010100 00101101
10010101 00101101
10010110 00101101
10010111 00101101
10011000 00000001
10011001 00000000
10011010 00000011
10011011 00000010
10011100 00000101
10011101 00000100
10011110 00000111
10011111 00000110
10100000 00110010
10100001 00110010
10100010 00110010
10100011 00110010
10100100 00110010
10100101 00110010
10100110 00110010
10100111 00110010
10101000 00000010
10101001 00000011
10101010 00000000
10101011 00000001
10101100 00000110
10101101 00000111
10101110 00000100
10101111 00000101
10110000 00110111
10110001 00110111
10110010 00110111
10110011 00110111
10110100 00110111
10110101 00110111
10110110 00110111
10110111 00110111
10111000 00000011
10111001 00000010
10111010 00000001
10111011 00000000
10111100 00000111
10111101 00000110
10111110 00000101
10111111 00000100
11000000 00111100
11000001 00111100
11000010 00111100
11000011 00111100
11000100 00111100
11000101 00111100
11000110 00111100
11000111 00111100
11001000 00000100
11001001 00000101
11001010 00000110
11001011 00000111
11001100 00000000
11001101 00000001
11001110 00000010
11001111 00000011
11010000 01000001
11010001 01000001
11010010 01000001
11010011 01000001
11010100 01000001
11010101 01000001
11010110 01000001
11010111 01000001
11011000 00000101
11011001 00000100
11011010 00000111
11011011 00000110
11011100 00000001
11011101 00000000
11011110 00000011
11011111 00000010
11100000 01000110
11100001 01000110
11100010 01000110
11100011 01000110
11100100 01000110
11100101 01000110
11100110 01000110
11100111 01000110
11101000 00000110
11101001 00000111
11101010 00000100
11101011 00000101
11101100 00000010
11101101 00000011
11101110 00000000
11101111 00000001
11110000 01001011
11110001 01001011
11110010 01001011
11110011 01001011
11110100 01001011
11110101 01001011
11110110 01001011
11110111 01001011
11111000 00000111
11111001 00000110
11111010 00000101
11111011 00000100
11111100 00000011
11111101 00000010
11111110 00000001
11111111 00000000
